450.00 461.00 466.00 477.00 0.54
1025.00 510.00 1042.00 530.00 0.30
27.00 1088.00 41.00 1108.00 0.21
1114.00 1011.00 1131.00 1028.00 0.41
1291.00 1203.00 1311.00 1220.00 0.27
186.00 1746.00 202.00 1762.00 0.36
261.00 1887.00 276.00 1902.00 0.32
1148.00 187.00 1163.00 201.00 0.27
1734.00 38.00 1752.00 56.00 0.21
202.00 913.00 219.00 930.00 0.23
1003.00 917.00 1022.00 934.00 0.40
1540.00 740.00 1560.00 760.00 0.42
1458.00 901.00 1477.00 920.00 0.42
1600.00 665.00 1617.00 684.00 0.26
1192.00 1239.00 1206.00 1253.00 0.34
1695.00 1577.00 1711.00 1594.00 0.44
1630.00 1390.00 1646.00 1407.00 0.36
1702.00 1230.00 1718.00 1248.00 0.33
153.00 1880.00 186.00 1899.00 0.50
146.00 1752.00 166.00 1770.00 0.50
1498.00 2053.00 1516.00 2072.00 0.51
1596.00 2065.00 1613.00 2084.00 0.38
235.00 2279.00 249.00 2295.00 0.25
850.00 2172.00 865.00 2187.00 0.23
988.00 2351.00 1005.00 2369.00 0.32
1663.00 2554.00 1752.00 2631.00 0.35
134.00 138.00 148.00 155.00 0.36
226.00 334.00 239.00 348.00 0.26
664.00 309.00 678.00 324.00 0.35
963.00 264.00 979.00 278.00 0.49
1085.00 35.00 1100.00 50.00 0.24
1181.00 337.00 1193.00 351.00 0.22
331.00 650.00 346.00 667.00 0.46
33.00 721.00 46.00 735.00 0.29
1206.00 706.00 1221.00 724.00 0.44
1264.00 703.00 1279.00 719.00 0.36
500.00 884.00 516.00 934.00 0.29
149.00 1436.00 163.00 1452.00 0.31
173.00 1379.00 191.00 1400.00 0.23
323.00 2068.00 338.00 2084.00 0.25
1016.00 2064.00 1032.00 2083.00 0.33
621.00 79.00 641.00 100.00 0.28
1422.00 313.00 1455.00 342.00 0.46
30.00 710.00 48.00 728.00 0.44
1580.00 1058.00 1596.00 1074.00 0.22
67.00 1296.00 81.00 1313.00 0.21
1234.00 1119.00 1251.00 1136.00 0.24
1733.00 1606.00 1754.00 1625.00 0.36
253.00 2154.00 271.00 2167.00 0.53
311.00 1797.00 334.00 1819.00 0.46
1527.00 1873.00 1552.00 1893.00 0.51
1471.00 1907.00 1488.00 1926.00 0.22
297.00 2196.00 315.00 2215.00 0.22
491.00 2522.00 505.00 2538.00 0.37
1635.00 2206.00 1661.00 2227.00 0.39
1687.00 2182.00 1707.00 2207.00 0.25
1567.00 2175.00 1586.00 2197.00 0.24
420.00 126.00 434.00 141.00 0.29
1007.00 21.00 1021.00 36.00 0.25
256.00 1946.00 275.00 1964.00 0.30
1369.00 411.00 1384.00 440.00 0.25
38.00 846.00 51.00 861.00 0.40
132.00 683.00 151.00 702.00 0.23
1402.00 442.00 1427.00 455.00 0.25
1074.00 1299.00 1081.00 1313.00 0.29
1312.00 1738.00 1325.00 1753.00 0.37
433.00 1921.00 449.00 1937.00 0.30
1266.00 1309.00 1281.00 1324.00 0.39
70.00 1382.00 86.00 1401.00 0.30
99.00 1556.00 114.00 1572.00 0.25
1233.00 1909.00 1248.00 1925.00 0.26
30.00 562.00 48.00 593.00 0.31
29.00 861.00 48.00 883.00 0.26
179.00 1052.00 196.00 1069.00 0.36
145.00 1830.00 161.00 1849.00 0.31
852.00 25.00 865.00 40.00 0.23
1346.00 391.00 1398.00 430.00 0.25
16.00 639.00 28.00 654.00 0.32
1394.00 722.00 1407.00 737.00 0.39
124.00 1246.00 138.00 1262.00 0.41
1374.00 884.00 1387.00 898.00 0.29
1211.00 1236.00 1224.00 1250.00 0.21
1182.00 1134.00 1195.00 1149.00 0.20
158.00 1661.00 172.00 1677.00 0.35
1335.00 1738.00 1349.00 1754.00 0.24
190.00 1773.00 205.00 1789.00 0.37
235.00 352.00 256.00 372.00 0.36
321.00 160.00 336.00 176.00 0.33
32.00 376.00 96.00 430.00 0.22
570.00 172.00 584.00 186.00 0.28
1296.00 493.00 1310.00 508.00 0.26
1400.00 1189.00 1416.00 1206.00 0.27
1321.00 1539.00 1334.00 1554.00 0.34
1307.00 1821.00 1321.00 1836.00 0.32
611.00 373.00 634.00 392.00 0.43
716.00 291.00 738.00 337.00 0.20
78.00 442.00 92.00 455.00 0.24
1275.00 956.00 1295.00 974.00 0.52
175.00 1389.00 189.00 1406.00 0.35
82.00 1986.00 99.00 2003.00 0.34
1032.00 2085.00 1063.00 2107.00 0.28
1358.00 379.00 1371.00 404.00 0.47
40.00 442.00 59.00 453.00 0.29
920.00 474.00 934.00 487.00 0.23
1267.00 577.00 1281.00 592.00 0.25
254.00 1422.00 268.00 1438.00 0.34
781.00 1495.00 797.00 1512.00 0.22
1401.00 1394.00 1417.00 1410.00 0.38
555.00 1940.00 572.00 1957.00 0.44
853.00 2005.00 867.00 2020.00 0.24
1235.00 1955.00 1251.00 1971.00 0.45
498.00 362.00 511.00 376.00 0.24
727.00 202.00 740.00 214.00 0.40
1232.00 124.00 1245.00 137.00 0.39
80.00 442.00 99.00 450.00 0.21
1179.00 459.00 1191.00 473.00 0.22
442.00 1578.00 458.00 1594.00 0.55
1259.00 1655.00 1273.00 1671.00 0.38
175.00 1926.00 190.00 1942.00 0.33
16.00 782.00 34.00 801.00 0.49
1690.00 1042.00 1706.00 1058.00 0.30
1658.00 604.00 1685.00 624.00 0.28
1363.00 812.00 1380.00 830.00 0.28
1417.00 1007.00 1435.00 1025.00 0.25
951.00 1151.00 973.00 1178.00 0.54
1253.00 1400.00 1275.00 1425.00 0.32
66.00 1982.00 84.00 2009.00 0.38
346.00 2008.00 364.00 2030.00 0.34
1559.00 2139.00 1579.00 2166.00 0.34
1688.00 2080.00 1712.00 2104.00 0.20
1186.00 2258.00 1214.00 2280.00 0.35
1732.00 2262.00 1749.00 2281.00 0.32
172.00 25.00 187.00 38.00 0.23
469.00 292.00 493.00 316.00 0.23
963.00 48.00 991.00 69.00 0.47
27.00 535.00 40.00 551.00 0.26
1318.00 1453.00 1335.00 1472.00 0.42
144.00 1862.00 160.00 1879.00 0.27
788.00 1918.00 811.00 1937.00 0.21
1398.00 2098.00 1417.00 2129.00 0.21
526.00 182.00 548.00 199.00 0.51
1002.00 39.00 1014.00 54.00 0.32
182.00 614.00 197.00 629.00 0.36
1266.00 654.00 1287.00 673.00 0.39
123.00 1441.00 136.00 1457.00 0.26
552.00 1930.00 567.00 1948.00 0.45
536.00 145.00 549.00 159.00 0.35
815.00 228.00 828.00 241.00 0.31
1339.00 358.00 1369.00 379.00 0.31
8.00 792.00 24.00 818.00 0.22
1160.00 722.00 1174.00 737.00 0.50
1329.00 816.00 1347.00 835.00 0.28
60.00 1249.00 76.00 1266.00 0.30
469.00 1014.00 482.00 1028.00 0.23
91.00 1663.00 108.00 1682.00 0.26
147.00 1440.00 163.00 1458.00 0.25
258.00 1522.00 273.00 1540.00 0.24
922.00 1568.00 938.00 1585.00 0.21
1340.00 1488.00 1355.00 1504.00 0.29
612.00 2018.00 626.00 2034.00 0.29
601.00 334.00 616.00 352.00 0.42
537.00 136.00 550.00 152.00 0.31
158.00 625.00 177.00 648.00 0.52
1342.00 847.00 1363.00 879.00 0.49
1387.00 442.00 1402.00 454.00 0.29
110.00 983.00 134.00 1009.00 0.32
284.00 1058.00 304.00 1076.00 0.25
1146.00 1037.00 1161.00 1051.00 0.37
1290.00 1102.00 1303.00 1117.00 0.37
1398.00 1223.00 1411.00 1238.00 0.33
1387.00 1140.00 1400.00 1158.00 0.26
253.00 1572.00 267.00 1588.00 0.32
1059.00 1462.00 1072.00 1477.00 0.20
609.00 2084.00 632.00 2108.00 0.34
1083.00 1871.00 1099.00 1889.00 0.22
158.00 231.00 170.00 245.00 0.30
536.00 188.00 547.00 200.00 0.37
563.00 240.00 579.00 257.00 0.23
910.00 558.00 928.00 580.00 0.29
839.00 834.00 866.00 867.00 0.23
1252.00 832.00 1266.00 846.00 0.32
136.00 895.00 155.00 919.00 0.32
27.00 1058.00 46.00 1075.00 0.30
1006.00 931.00 1020.00 948.00 0.31
778.00 943.00 795.00 960.00 0.29
1296.00 1189.00 1318.00 1222.00 0.74
1202.00 1754.00 1217.00 1767.00 0.20
1137.00 1282.00 1164.00 1313.00 0.33
219.00 169.00 233.00 184.00 0.34
535.00 213.00 549.00 228.00 0.56
521.00 124.00 536.00 137.00 0.28
965.00 377.00 981.00 391.00 0.36
1074.00 293.00 1091.00 337.00 0.26
147.00 842.00 173.00 858.00 0.37
1085.00 1210.00 1097.00 1223.00 0.55
442.00 1560.00 457.00 1576.00 0.46
